>> homework2

% *********** Problem 9A, Section 5.3 ******************
% y?=2y/t +t^2e^t, 1?t?2, y(1)=0,h = 0.1
% With exact solution, y(t) = t2(et ? e)

% ****** Approximation, Wi, using Taylors Method of order 2 for h = 0.1 *************
                  
 1.100000e+00  3.397852e-01
 1.200000e+00  8.521434e-01
 1.300000e+00  1.581770e+00
 1.400000e+00  2.580997e+00
 1.500000e+00  3.910985e+00
 1.600000e+00  5.643081e+00
 1.700000e+00  7.860382e+00
 1.800000e+00  1.065951e+01
 1.900000e+00  1.415268e+01



ans =

  Columns 1 through 10

         0    0.3459    0.8666    1.6072    2.6204    3.9677    5.7210    7.9639   10.7936   14.3231

  Column 11

   18.6831


e =

  Columns 1 through 10

         0    0.0061    0.0145    0.0254    0.0394    0.0567    0.0779    0.1035    0.1341    0.1704

  Column 11

    0.2131


% *********** Problem 9C, Section 5.3 ******************
% y?=2y/t +t^2e^t, 1?t?2, y(1)=0,h = 0.1
% With exact solution, y(t) = t2(et ? e)

% ****** Approximation, Wi, using Taylors Method of order 2 for h = 0.1 *************


                  
 1.100000e+00  3.459127e-01
 1.200000e+00  8.666257e-01
 1.300000e+00  1.607186e+00
 1.400000e+00  2.620315e+00
 1.500000e+00  3.967603e+00
 1.600000e+00  5.720875e+00
 1.700000e+00  7.963759e+00
 1.800000e+00  1.079348e+01
 1.900000e+00  1.432290e+01

W =

  Columns 1 through 10

         0    0.3459    0.8666    1.6072    2.6203    3.9676    5.7209    7.9638   10.7935   14.3229

  Column 11

   18.6829


ans =

  Columns 1 through 10

         0    0.3459    0.8666    1.6072    2.6204    3.9677    5.7210    7.9639   10.7936   14.3231

  Column 11

   18.6831


e =

   1.0e-03 *

  Columns 1 through 10

         0    0.0072    0.0168    0.0292    0.0447    0.0638    0.0868    0.1142    0.1467    0.1847

  Column 11

    0.2289


% *********** Problem 4B, Section 5.10 ******************


      
 1.000000e-01  9.516258e-02
 2.000000e-01  1.806503e-01
 3.000000e-01  2.561461e-01
 4.000000e-01  3.187634e-01
 5.000000e-01  3.578446e-01
 6.000000e-01  3.388409e-01
 7.000000e-01  1.533987e-01
 8.000000e-01 -5.351599e-01

W =

  Columns 1 through 10

         0    0.0952    0.1807    0.2561    0.3188    0.3578    0.3388    0.1534   -0.5352   -2.7702

  Column 11

   -9.7822

% *********** Problem 4C, Section 5.10 ******************

      
 1.000000e-02  9.516258e-02
 2.000000e-02  3.606503e-01
 3.000000e-02  1.139017e+00
 4.000000e-02  3.461329e+00
 5.000000e-02  1.043105e+01
 6.000000e-02  3.138943e+01
 7.000000e-02  9.445319e+01
 8.000000e-02  2.842523e+02
 9.000000e-02  8.555185e+02
 1.000000e-01  2.574982e+03
 1.100000e-01  7.750464e+03
 1.200000e-01  2.332839e+04
 1.300000e-01  7.021716e+04
 1.400000e-01  2.113500e+05
 1.500000e-01  6.361529e+05
 1.600000e-01  1.914788e+06
 1.700000e-01  5.763418e+06
 1.800000e-01  1.734760e+07
 1.900000e-01  5.221543e+07
 2.000000e-01  1.571658e+08
 2.100000e-01  4.730614e+08
 2.200000e-01  1.423891e+09
 2.300000e-01  4.285843e+09
 2.400000e-01  1.290017e+10
 2.500000e-01  3.882889e+10
 2.600000e-01  1.168730e+11
 2.700000e-01  3.517820e+11
 2.800000e-01  1.058846e+12
 2.900000e-01  3.187075e+12
 3.000000e-01  9.592939e+12
 3.100000e-01  2.887427e+13
 3.200000e-01  8.691013e+13
 3.300000e-01  2.615952e+14
 3.400000e-01  7.873886e+14
 3.500000e-01  2.370001e+15
 3.600000e-01  7.133585e+15
 3.700000e-01  2.147174e+16
 3.800000e-01  6.462886e+16
 3.900000e-01  1.945297e+17
 4.000000e-01  5.855247e+17
 4.100000e-01  1.762400e+18
 4.200000e-01  5.304738e+18
 4.300000e-01  1.596700e+19
 4.400000e-01  4.805988e+19
 4.500000e-01  1.446578e+20
 4.600000e-01  4.354130e+20
 4.700000e-01  1.310571e+21
 4.800000e-01  3.944755e+21
 4.900000e-01  1.187352e+22
 5.000000e-01  3.573870e+22
 5.100000e-01  1.075717e+23
 5.200000e-01  3.237855e+23
 5.300000e-01  9.745785e+23
 5.400000e-01  2.933433e+24
 5.500000e-01  8.829488e+24
 5.600000e-01  2.657632e+25
 5.700000e-01  7.999341e+25
 5.800000e-01  2.407762e+26
 5.900000e-01  7.247245e+26
 6.000000e-01  2.181385e+27
 6.100000e-01  6.565860e+27
 6.200000e-01  1.976291e+28
 6.300000e-01  5.948539e+28
 6.400000e-01  1.790481e+29
 6.500000e-01  5.389259e+29
 6.600000e-01  1.622140e+30
 6.700000e-01  4.882562e+30
 6.800000e-01  1.469627e+31
 6.900000e-01  4.423504e+31
 7.000000e-01  1.331453e+32
 7.100000e-01  4.007607e+32
 7.200000e-01  1.206270e+33
 7.300000e-01  3.630813e+33
 7.400000e-01  1.092857e+34
 7.500000e-01  3.289445e+34
 7.600000e-01  9.901065e+34
 7.700000e-01  2.980172e+35
 7.800000e-01  8.970169e+35
 7.900000e-01  2.699976e+36
 8.000000e-01  8.126796e+36
 8.100000e-01  2.446125e+37
 8.200000e-01  7.362716e+37
 8.300000e-01  2.216141e+38
 8.400000e-01  6.670475e+38
 8.500000e-01  2.007780e+39
 8.600000e-01  6.043318e+39
 8.700000e-01  1.819009e+40
 8.800000e-01  5.475126e+40
 8.900000e-01  1.647986e+41
 9.000000e-01  4.960356e+41
 9.100000e-01  1.493043e+42
 9.200000e-01  4.493984e+42
 9.300000e-01  1.352667e+43
 9.400000e-01  4.071461e+43
 9.500000e-01  1.225490e+44
 9.600000e-01  3.688663e+44
 9.700000e-01  1.110269e+45
 9.800000e-01  3.341856e+45

% *********** Problem 15a, Section 5.4 ******************
                  
 1.100000e+00  1.004282e+00
 1.200000e+00  1.014952e+00
 1.300000e+00  1.029813e+00
 1.400000e+00  1.047534e+00
 1.500000e+00  1.067262e+00
 1.600000e+00  1.088432e+00
 1.700000e+00  1.110655e+00
 1.800000e+00  1.133653e+00
 1.900000e+00  1.157228e+00


e =

   1.0e-06 *

  Columns 1 through 10

         0    0.2241    0.3108    0.3464    0.3610    0.3664    0.3676    0.3670    0.3656    0.3641

  Column 11

    0.3626

>> 